0 0 2 100 0 0 0 0 1 100 1 100 1 100 2 100 0 0 0 0 0 0 0 0 0 0 0 0 0 0 2 100 
1 100 0 0 0 0 2 100 2 100 1 100 1 100 0 0 0 0 0 0 0 0 0 0 0 0 0 0 0 0 0 0 
1 100 1 100 0 0 1 100 1 100 0 0 0 0 0 0 0 0 0 0 0 0 0 0 0 0 0 0 0 0 0 0 
1 100 1 100 2 100 2 100 1 100 1 100 0 0 0 0 0 0 0 0 0 0 0 0 0 0 0 0 0 0 0 0 
1 100 2 100 0 0 1 100 1 100 1 100 0 0 0 0 0 0 0 0 0 0 0 0 0 0 0 0 0 0 1 100 
1 100 0 0 2 100 2 100 1 100 1 100 0 0 0 0 0 0 0 0 0 0 0 0 0 0 0 0 0 0 1 100 
2 100 2 100 0 0 0 0 0 0 0 0 0 0 0 0 0 0 0 0 0 0 0 0 0 0 0 0 1 100 1 100 
0 0 0 0 0 0 0 0 0 0 0 0 0 0 0 0 0 0 0 0 0 0 0 0 0 0 0 0 1 100 1 100 
2 100 0 0 0 0 0 0 0 0 0 0 0 0 0 0 0 0 0 0 0 0 0 0 0 0 0 0 1 100 2 100 
0 0 0 0 0 0 0 0 0 0 0 0 0 0 1 100 0 0 0 0 0 0 1 100 1 100 1 100 0 0 0 0 
0 0 0 0 0 0 0 0 0 0 2 100 1 100 1 100 0 0 0 0 0 0 1 100 1 100 2 100 0 0 0 0 
0 0 0 0 0 0 0 0 0 0 2 100 1 100 1 100 0 0 0 0 0 0 1 100 1 100 2 100 0 0 0 0 
0 0 2 100 0 0 2 100 1 100 1 100 1 100 1 100 0 0 0 0 0 0 0 0 0 0 0 0 0 0 0 0 
2 100 0 0 0 0 0 0 1 100 1 100 0 0 0 0 0 0 0 0 0 0 0 0 0 0 0 0 0 0 0 0 
0 0 0 0 0 0 0 0 0 0 1 100 0 0 0 0 0 0 0 0 0 0 0 0 0 0 0 0 0 0 2 100 
0 0 0 0 0 0 2 100 0 0 2 100 1 100 2 100 0 0 0 0 0 0 0 0 0 0 0 0 0 0 2 100 
